100 100 16 50 50 92 51 23 100 100 112.5 100 125 100 137.5 100 150 100 150 112.5 150 125 150 137.5 150 150 137.5 150 125 150 112.5 150 100 150 100 137.5 100 125 100 112.5
100 150 16 50 50 92 51 23 100 150 112.5 150 125 150 137.5 150 150 150 150 162.5 150 175 150 187.5 150 200 137.5 200 125 200 112.5 200 100 200 100 187.5 100 175 100 162.5
100 200 16 50 50 92 51 23 100 200 112.5 200 125 200 137.5 200 150 200 150 212.5 150 225 150 237.5 150 250 137.5 250 125 250 112.5 250 100 250 100 237.5 100 225 100 212.5
100 250 16 50 50 92 51 23 100 250 112.5 250 125 250 137.5 250 150 250 150 262.5 150 275 150 287.5 150 300 137.5 300 125 300 112.5 300 100 300 100 287.5 100 275 100 262.5
150 100 16 50 50 92 51 23 150 100 162.5 100 175 100 187.5 100 200 100 200 112.5 194.302 120.767 183.571 128.36 172.167 143.571 171.428 144.078 170.222 148.333 162.5 150 150 150 150 137.5 150 125 150 112.5
150 150 10 50 50 92 51 23 150 150 162.5 150 167.014 168.181 173.952 191.02 175 200 162.5 200 150 200 150 187.5 150 175 150 162.5
150 200 16 50 50 92 51 23 150 200 162.5 200 175 200 184.848 203.043 194.923 209.872 200 212.5 200 225 200 237.5 200 250 187.5 250 175 250 162.5 250 150 250 150 237.5 150 225 150 212.5
150 250 16 50 50 92 51 23 150 250 162.5 250 175 250 187.5 250 200 250 200 262.5 200 275 200 287.5 200 300 187.5 300 175 300 162.5 300 150 300 150 287.5 150 275 150 262.5
200 100 7 50 50 92 51 23 200 100 212.5 100 212 104.583 200 115.293 200 115.293 200 115.293 200 112.5
200 200 16 50 50 92 51 23 200 211.648 210.143 215 228 215 242.439 210 250 203.419 250 212.5 250 225 250 237.5 250 250 237.5 250 225 250 212.5 250 200 250 200 237.5 200 225 200 212.5
200 250 16 50 50 92 51 23 200 250 212.5 250 225 250 237.5 250 250 250 250 262.5 250 275 250 287.5 250 300 237.5 300 225 300 212.5 300 200 300 200 287.5 200 275 200 262.5
250 150 16 50 50 92 51 23 257.059 196.353 271.994 185.337 286.779 170.843 296.785 158.929 300 151.596 300 162.5 300 175 300 187.5 300 200 287.5 200 275 200 262.5 200 253.707 200 255.74 199.161 257.059 196.353 257.059 196.353
250 200 16 50 50 92 51 23 252.043 202.234 262.5 200 275 200 287.5 200 300 200 300 212.5 300 225 300 237.5 300 250 287.5 250 275 250 262.5 250 250 250 250 237.5 250 225 250 212.5
250 250 16 50 50 92 51 23 250 250 262.5 250 275 250 287.5 250 300 250 300 262.5 300 275 300 287.5 300 300 287.5 300 275 300 262.5 300 250 300 250 287.5 250 275 250 262.5
