begin 40
104 189 16 50 50 0 0 0 0 104 189 116.5 189 129 189 141.5 189 154 189 154 201.5 154 214 154 226.5 154 239 141.5 239 129 239 116.5 239 104 239 104 226.5 104 214 104 201.5
104 239 16 50 50 0 0 0 0 104 239 116.5 239 129 239 141.5 239 154 239 154 251.5 154 264 154 276.5 154 289 141.5 289 129 289 116.5 289 104 289 104 276.5 104 264 104 251.5
104 289 16 50 50 0 0 0 0 104 289 116.5 289 129 289 141.5 289 154 289 154 301.5 154 314 154 326.5 154 339 141.5 339 129 339 116.5 339 104 339 104 326.5 104 314 104 301.5
104 339 16 50 42 0 0 0 0 104 339 116.5 339 129 339 141.5 339 154 339 154 349.5 154 360 154 370.5 154 381 141.5 381 129 381 116.5 381 104 381 104 370.5 104 360 104 349.5
154 189 16 50 50 0 0 0 0 154 189 166.5 189 179 189 191.5 189 204 189 204 201.5 204 214 204 226.5 204 239 191.5 239 179 239 166.5 239 154 239 154 226.5 154 214 154 201.5
154 239 16 50 50 0 0 0 0 154 239 166.5 239 179 239 191.5 239 204 239 204 251.5 204 264 204 276.5 204 289 191.5 289 179 289 166.5 289 154 289 154 276.5 154 264 154 251.5
154 289 16 50 50 0 0 0 0 154 289 166.5 289 179 289 191.5 289 204 289 204 301.5 204 314 204 326.5 204 339 191.5 339 179 339 166.5 339 154 339 154 326.5 154 314 154 301.5
154 339 16 50 42 0 0 0 0 154 339 166.5 339 179 339 191.5 339 204 339 204 349.5 204 360 204 370.5 204 381 191.5 381 179 381 166.5 381 154 381 154 370.5 154 360 154 349.5
204 189 16 50 50 0 0 0 0 204 189 216.5 189 229 189 241.5 189 254 189 254 201.5 254 214 254 226.5 254 239 241.5 239 229 239 216.5 239 204 239 204 226.5 204 214 204 201.5
204 239 16 50 50 0 0 0 0 204 239 216.5 239 229 239 241.5 239 254 239 254 251.5 254 264 254 276.5 254 289 241.5 289 229 289 216.5 289 204 289 204 276.5 204 264 204 251.5
204 289 16 50 50 0 0 0 0 204 289 216.5 289 229 289 241.5 289 254 289 254 301.5 254 314 254 326.5 254 339 241.5 339 229 339 216.5 339 204 339 204 326.5 204 314 204 301.5
204 339 16 50 42 0 0 0 0 204 339 216.5 339 229 339 241.5 339 254 339 254 349.5 254 360 254 370.5 254 381 241.5 381 229 381 216.5 381 204 381 204 370.5 204 360 204 349.5
254 189 16 50 50 0 0 0 0 254 189 266.5 189 279 189 291.5 189 304 189 304 201.5 304 214 304 226.5 304 239 291.5 239 279 239 266.5 239 254 239 254 226.5 254 214 254 201.5
254 239 16 50 50 0 0 0 0 254 239 266.5 239 279 239 291.5 239 304 239 304 251.5 304 264 304 276.5 304 289 291.5 289 279 289 266.5 289 254 289 254 276.5 254 264 254 251.5
254 289 16 50 50 0 0 0 0 254 289 266.5 289 279 289 291.5 289 304 289 304 301.5 304 314 304 326.5 304 339 291.5 339 279 339 266.5 339 254 339 254 326.5 254 314 254 301.5
254 339 16 50 42 0 0 0 0 254 339 266.5 339 279 339 291.5 339 304 339 304 349.5 304 360 304 370.5 304 381 291.5 381 279 381 266.5 381 254 381 254 370.5 254 360 254 349.5
304 189 16 50 50 0 0 0 0 304 189 316.5 189 329 189 341.5 189 354 189 354 201.5 354 214 354 226.5 354 239 341.5 239 329 239 316.5 239 304 239 304 226.5 304 214 304 201.5
304 239 16 50 50 0 0 0 0 304 239 316.5 239 329 239 341.5 239 354 239 354 251.5 354 264 354 276.5 354 289 341.5 289 329 289 316.5 289 304 289 304 276.5 304 264 304 251.5
304 289 16 50 50 0 0 0 0 304 289 316.5 289 329 289 341.5 289 354 289 354 301.5 354 314 354 326.5 354 339 341.5 339 329 339 316.5 339 304 339 304 326.5 304 314 304 301.5
304 339 16 50 42 0 0 0 0 304 339 316.5 339 329 339 341.5 339 354 339 354 349.5 354 360 354 370.5 354 381 341.5 381 329 381 316.5 381 304 381 304 370.5 304 360 304 349.5
354 189 16 50 50 0 0 0 0 354 189 366.5 189 379 189 391.5 189 404 189 404 201.5 404 214 404 226.5 404 239 391.5 239 379 239 366.5 239 354 239 354 226.5 354 214 354 201.5
354 239 16 50 50 0 0 0 0 354 239 366.5 239 379 239 391.5 239 404 239 404 251.5 404 264 404 276.5 404 289 391.5 289 379 289 366.5 289 354 289 354 276.5 354 264 354 251.5
354 289 16 50 50 0 0 0 0 354 289 366.5 289 379 289 391.5 289 404 289 404 301.5 404 314 404 326.5 404 339 391.5 339 379 339 366.5 339 354 339 354 326.5 354 314 354 301.5
354 339 16 50 42 0 0 0 0 354 339 366.5 339 379 339 391.5 339 404 339 404 349.5 404 360 404 370.5 404 381 391.5 381 379 381 366.5 381 354 381 354 370.5 354 360 354 349.5
404 189 16 50 50 0 0 0 0 404 189 416.5 189 429 189 441.5 189 454 189 454 201.5 454 214 454 226.5 454 239 441.5 239 429 239 416.5 239 404 239 404 226.5 404 214 404 201.5
404 239 16 50 50 0 0 0 0 404 239 416.5 239 429 239 441.5 239 454 239 454 251.5 454 264 454 276.5 454 289 441.5 289 429 289 416.5 289 404 289 404 276.5 404 264 404 251.5
404 289 16 50 50 0 0 0 0 404 289 416.5 289 429 289 441.5 289 454 289 454 301.5 454 314 454 326.5 454 339 441.5 339 429 339 416.5 339 404 339 404 326.5 404 314 404 301.5
404 339 16 50 42 0 0 0 0 404 339 416.5 339 429 339 441.5 339 454 339 454 349.5 454 360 454 370.5 454 381 441.5 381 429 381 416.5 381 404 381 404 370.5 404 360 404 349.5
454 189 16 50 50 0 0 0 0 454 189 466.5 189 479 189 491.5 189 504 189 504 201.5 504 214 504 226.5 504 239 491.5 239 479 239 466.5 239 454 239 454 226.5 454 214 454 201.5
454 239 16 50 50 0 0 0 0 454 239 466.5 239 479 239 491.5 239 504 239 504 251.5 504 264 504 276.5 504 289 491.5 289 479 289 466.5 289 454 289 454 276.5 454 264 454 251.5
454 289 16 50 50 0 0 0 0 454 289 466.5 289 479 289 491.5 289 504 289 504 301.5 504 314 504 326.5 504 339 491.5 339 479 339 466.5 339 454 339 454 326.5 454 314 454 301.5
454 339 16 50 42 0 0 0 0 454 339 466.5 339 479 339 491.5 339 504 339 504 349.5 504 360 504 370.5 504 381 491.5 381 479 381 466.5 381 454 381 454 370.5 454 360 454 349.5
504 189 16 50 50 0 0 0 0 504 189 516.5 189 529 189 541.5 189 554 189 554 201.5 554 214 554 226.5 554 239 541.5 239 529 239 516.5 239 504 239 504 226.5 504 214 504 201.5
504 239 16 50 50 0 0 0 0 504 239 516.5 239 529 239 541.5 239 554 239 554 251.5 554 264 554 276.5 554 289 541.5 289 529 289 516.5 289 504 289 504 276.5 504 264 504 251.5
504 289 16 50 50 0 0 0 0 504 289 516.5 289 529 289 541.5 289 554 289 554 301.5 554 314 554 326.5 554 339 541.5 339 529 339 516.5 339 504 339 504 326.5 504 314 504 301.5
504 339 16 50 42 0 0 0 0 504 339 516.5 339 529 339 541.5 339 554 339 554 349.5 554 360 554 370.5 554 381 541.5 381 529 381 516.5 381 504 381 504 370.5 504 360 504 349.5
554 189 16 44 50 0 0 0 0 554 189 565 189 576 189 587 189 598 189 598 201.5 598 214 598 226.5 598 239 587 239 576 239 565 239 554 239 554 226.5 554 214 554 201.5
554 239 16 44 50 0 0 0 0 554 239 565 239 576 239 587 239 598 239 598 251.5 598 264 598 276.5 598 289 587 289 576 289 565 289 554 289 554 276.5 554 264 554 251.5
554 289 16 44 50 0 0 0 0 554 289 565 289 576 289 587 289 598 289 598 301.5 598 314 598 326.5 598 339 587 339 576 339 565 339 554 339 554 326.5 554 314 554 301.5
554 339 16 44 42 0 0 0 0 554 339 565 339 576 339 587 339 598 339 598 349.5 598 360 598 370.5 598 381 587 381 576 381 565 381 554 381 554 370.5 554 360 554 349.5
end 

