begin 50
149 209 16 50 50 0 0 0 0 149 209 161.5 209 174 209 186.5 209 199 209 199 221.5 199 234 199 246.5 199 259 186.5 259 174 259 161.5 259 149 259 149 246.5 149 234 149 221.5
149 259 16 50 50 0 0 0 0 149 259 161.5 259 174 259 186.5 259 199 259 199 271.5 199 284 199 296.5 199 309 186.5 309 174 309 161.5 309 149 309 149 296.5 149 284 149 271.5
149 309 16 50 50 0 0 0 0 149 309 161.5 309 174 309 186.5 309 199 309 199 321.5 199 334 199 346.5 199 359 186.5 359 174 359 161.5 359 149 359 149 346.5 149 334 149 321.5
149 359 16 50 50 0 0 0 0 149 359 161.5 359 174 359 186.5 359 199 359 199 371.5 199 384 199 396.5 199 409 186.5 409 174 409 161.5 409 149 409 149 396.5 149 384 149 371.5
149 409 16 50 19 0 0 0 0 149 409 161.5 409 174 409 186.5 409 199 409 199 413.75 199 418.5 199 423.25 199 428 186.5 428 174 428 161.5 428 149 428 149 423.25 149 418.5 149 413.75
199 209 16 50 50 0 0 0 0 199 209 211.5 209 224 209 236.5 209 249 209 249 221.5 249 234 249 246.5 249 259 236.5 259 224 259 211.5 259 199 259 199 246.5 199 234 199 221.5
199 259 16 50 50 0 0 0 0 199 259 211.5 259 224 259 236.5 259 249 259 249 271.5 249 284 249 296.5 249 309 236.5 309 224 309 211.5 309 199 309 199 296.5 199 284 199 271.5
199 309 16 50 50 0 0 0 0 199 309 211.5 309 224 309 236.5 309 249 309 249 321.5 249 334 249 346.5 249 359 236.5 359 224 359 211.5 359 199 359 199 346.5 199 334 199 321.5
199 359 16 50 50 0 0 0 0 199 359 211.5 359 224 359 236.5 359 249 359 249 371.5 249 384 249 396.5 249 409 236.5 409 224 409 211.5 409 199 409 199 396.5 199 384 199 371.5
199 409 16 50 19 0 0 0 0 199 409 211.5 409 224 409 236.5 409 249 409 249 413.75 249 418.5 249 423.25 249 428 236.5 428 224 428 211.5 428 199 428 199 423.25 199 418.5 199 413.75
249 209 16 50 50 0 0 0 0 249 209 261.5 209 274 209 286.5 209 299 209 299 221.5 299 234 299 246.5 299 259 286.5 259 274 259 261.5 259 249 259 249 246.5 249 234 249 221.5
249 259 16 50 50 0 0 0 0 249 259 261.5 259 274 259 286.5 259 299 259 299 271.5 299 284 299 296.5 299 309 286.5 309 274 309 261.5 309 249 309 249 296.5 249 284 249 271.5
249 309 16 50 50 0 0 0 0 249 309 261.5 309 274 309 286.5 309 299 309 299 321.5 299 334 299 346.5 299 359 286.5 359 274 359 261.5 359 249 359 249 346.5 249 334 249 321.5
249 359 16 50 50 0 0 0 0 249 359 261.5 359 274 359 286.5 359 299 359 299 371.5 299 384 299 396.5 299 409 286.5 409 274 409 261.5 409 249 409 249 396.5 249 384 249 371.5
249 409 16 50 19 0 0 0 0 249 409 261.5 409 274 409 286.5 409 299 409 299 413.75 299 418.5 299 423.25 299 428 286.5 428 274 428 261.5 428 249 428 249 423.25 249 418.5 249 413.75
299 209 16 50 50 0 0 0 0 299 209 311.5 209 324 209 336.5 209 349 209 349 221.5 349 234 349 246.5 349 259 336.5 259 324 259 311.5 259 299 259 299 246.5 299 234 299 221.5
299 259 16 50 50 0 0 0 0 299 259 311.5 259 324 259 336.5 259 349 259 349 271.5 349 284 349 296.5 349 309 336.5 309 324 309 311.5 309 299 309 299 296.5 299 284 299 271.5
299 309 16 50 50 0 0 0 0 299 309 311.5 309 324 309 336.5 309 349 309 349 321.5 349 334 349 346.5 349 359 336.5 359 324 359 311.5 359 299 359 299 346.5 299 334 299 321.5
299 359 16 50 50 0 0 0 0 299 359 311.5 359 324 359 336.5 359 349 359 349 371.5 349 384 349 396.5 349 409 336.5 409 324 409 311.5 409 299 409 299 396.5 299 384 299 371.5
299 409 16 50 19 0 0 0 0 299 409 311.5 409 324 409 336.5 409 349 409 349 413.75 349 418.5 349 423.25 349 428 336.5 428 324 428 311.5 428 299 428 299 423.25 299 418.5 299 413.75
349 209 16 50 50 0 0 0 0 349 209 361.5 209 374 209 386.5 209 399 209 399 221.5 399 234 399 246.5 399 259 386.5 259 374 259 361.5 259 349 259 349 246.5 349 234 349 221.5
349 259 16 50 50 0 0 0 0 349 259 361.5 259 374 259 386.5 259 399 259 399 271.5 399 284 399 296.5 399 309 386.5 309 374 309 361.5 309 349 309 349 296.5 349 284 349 271.5
349 309 16 50 50 0 0 0 0 349 309 361.5 309 374 309 386.5 309 399 309 399 321.5 399 334 399 346.5 399 359 386.5 359 374 359 361.5 359 349 359 349 346.5 349 334 349 321.5
349 359 16 50 50 0 0 0 0 349 359 361.5 359 374 359 386.5 359 399 359 399 371.5 399 384 399 396.5 399 409 386.5 409 374 409 361.5 409 349 409 349 396.5 349 384 349 371.5
349 409 16 50 19 0 0 0 0 349 409 361.5 409 374 409 386.5 409 399 409 399 413.75 399 418.5 399 423.25 399 428 386.5 428 374 428 361.5 428 349 428 349 423.25 349 418.5 349 413.75
399 209 16 50 50 0 0 0 0 399 209 411.5 209 424 209 436.5 209 449 209 449 221.5 449 234 449 246.5 449 259 436.5 259 424 259 411.5 259 399 259 399 246.5 399 234 399 221.5
399 259 16 50 50 0 0 0 0 399 259 411.5 259 424 259 436.5 259 449 259 449 271.5 449 284 449 296.5 449 309 436.5 309 424 309 411.5 309 399 309 399 296.5 399 284 399 271.5
399 309 16 50 50 0 0 0 0 399 309 411.5 309 424 309 436.5 309 449 309 449 321.5 449 334 449 346.5 449 359 436.5 359 424 359 411.5 359 399 359 399 346.5 399 334 399 321.5
399 359 16 50 50 0 0 0 0 399 359 411.5 359 424 359 436.5 359 449 359 449 371.5 449 384 449 396.5 449 409 436.5 409 424 409 411.5 409 399 409 399 396.5 399 384 399 371.5
399 409 16 50 19 0 0 0 0 399 409 411.5 409 424 409 436.5 409 449 409 449 413.75 449 418.5 449 423.25 449 428 436.5 428 424 428 411.5 428 399 428 399 423.25 399 418.5 399 413.75
449 209 16 50 50 0 0 0 0 449 209 461.5 209 474 209 486.5 209 499 209 499 221.5 499 234 499 246.5 499 259 486.5 259 474 259 461.5 259 449 259 449 246.5 449 234 449 221.5
449 259 16 50 50 0 0 0 0 449 259 461.5 259 474 259 486.5 259 499 259 499 271.5 499 284 499 296.5 499 309 486.5 309 474 309 461.5 309 449 309 449 296.5 449 284 449 271.5
449 309 16 50 50 0 0 0 0 449 309 461.5 309 474 309 486.5 309 499 309 499 321.5 499 334 499 346.5 499 359 486.5 359 474 359 461.5 359 449 359 449 346.5 449 334 449 321.5
449 359 16 50 50 0 0 0 0 449 359 461.5 359 474 359 486.5 359 499 359 499 371.5 499 384 499 396.5 499 409 486.5 409 474 409 461.5 409 449 409 449 396.5 449 384 449 371.5
449 409 16 50 19 0 0 0 0 449 409 461.5 409 474 409 486.5 409 499 409 499 413.75 499 418.5 499 423.25 499 428 486.5 428 474 428 461.5 428 449 428 449 423.25 449 418.5 449 413.75
499 209 16 50 50 0 0 0 0 499 209 511.5 209 524 209 536.5 209 549 209 549 221.5 549 234 549 246.5 549 259 536.5 259 524 259 511.5 259 499 259 499 246.5 499 234 499 221.5
499 259 16 50 50 0 0 0 0 499 259 511.5 259 524 259 536.5 259 549 259 549 271.5 549 284 549 296.5 549 309 536.5 309 524 309 511.5 309 499 309 499 296.5 499 284 499 271.5
499 309 16 50 50 0 0 0 0 499 309 511.5 309 524 309 536.5 309 549 309 549 321.5 549 334 549 346.5 549 359 536.5 359 524 359 511.5 359 499 359 499 346.5 499 334 499 321.5
499 359 16 50 50 0 0 0 0 499 359 511.5 359 524 359 536.5 359 549 359 549 371.5 549 384 549 396.5 549 409 536.5 409 524 409 511.5 409 499 409 499 396.5 499 384 499 371.5
499 409 16 50 19 0 0 0 0 499 409 511.5 409 524 409 536.5 409 549 409 549 413.75 549 418.5 549 423.25 549 428 536.5 428 524 428 511.5 428 499 428 499 423.25 499 418.5 499 413.75
549 209 16 50 50 0 0 0 0 549 209 561.5 209 574 209 586.5 209 599 209 599 221.5 599 234 599 246.5 599 259 586.5 259 574 259 561.5 259 549 259 549 246.5 549 234 549 221.5
549 259 16 50 50 0 0 0 0 549 259 561.5 259 574 259 586.5 259 599 259 599 271.5 599 284 599 296.5 599 309 586.5 309 574 309 561.5 309 549 309 549 296.5 549 284 549 271.5
549 309 16 50 50 0 0 0 0 549 309 561.5 309 574 309 586.5 309 599 309 599 321.5 599 334 599 346.5 599 359 586.5 359 574 359 561.5 359 549 359 549 346.5 549 334 549 321.5
549 359 16 50 50 0 0 0 0 549 359 561.5 359 574 359 586.5 359 599 359 599 371.5 599 384 599 396.5 599 409 586.5 409 574 409 561.5 409 549 409 549 396.5 549 384 549 371.5
549 409 16 50 19 0 0 0 0 549 409 561.5 409 574 409 586.5 409 599 409 599 413.75 599 418.5 599 423.25 599 428 586.5 428 574 428 561.5 428 549 428 549 423.25 549 418.5 549 413.75
599 209 16 27 50 0 0 0 0 599 209 605.75 209 612.5 209 619.25 209 626 209 626 221.5 626 234 626 246.5 626 259 619.25 259 612.5 259 605.75 259 599 259 599 246.5 599 234 599 221.5
599 259 16 27 50 0 0 0 0 599 259 605.75 259 612.5 259 619.25 259 626 259 626 271.5 626 284 626 296.5 626 309 619.25 309 612.5 309 605.75 309 599 309 599 296.5 599 284 599 271.5
599 309 16 27 50 0 0 0 0 599 309 605.75 309 612.5 309 619.25 309 626 309 626 321.5 626 334 626 346.5 626 359 619.25 359 612.5 359 605.75 359 599 359 599 346.5 599 334 599 321.5
599 359 16 27 50 0 0 0 0 599 359 605.75 359 612.5 359 619.25 359 626 359 626 371.5 626 384 626 396.5 626 409 619.25 409 612.5 409 605.75 409 599 409 599 396.5 599 384 599 371.5
599 409 16 27 19 0 0 0 0 599 409 605.75 409 612.5 409 619.25 409 626 409 626 413.75 626 418.5 626 423.25 626 428 619.25 428 612.5 428 605.75 428 599 428 599 423.25 599 418.5 599 413.75
end 

