begin 8
83 111 16 50 50 0 0 0 0 112.465 123.6 117.095 121.574 122.788 119.468 130.412 117.832 138.316 115.597 133 123.5 133 136 133 148.5 133 161 120.5 161 108 161 95.5 161 84.9935 160.837 83.999 148.546 90.8847 137.367 101.21 128.975
83 161 16 50 34 0 0 0 0 84.9935 160.837 95.5 161 108 161 120.5 161 133 161 133 169.5 133 178 133 186.5 138.316 190.403 130.412 188.168 122.788 186.532 117.095 184.426 112.465 182.4 104.789 179.063 97.5441 174.293 89.9048 168.338
133 111 16 50 50 0 0 0 0 138.316 115.597 148.124 114.043 158.992 112.745 170.764 111.966 182.976 112 183 123.5 183 136 183 148.5 183 161 170.5 161 158 161 145.5 161 133 161 133 148.5 133 136 133 123.5
133 161 16 50 34 0 0 0 0 133 161 145.5 161 158 161 170.5 161 183 161 183 169.5 183 178 183 186.5 182.976 194 170.764 194.034 158.992 193.255 148.124 191.957 138.316 190.403 133 186.5 133 178 133 169.5
183 111 16 50 50 0 0 0 0 182.976 112 195.194 111.954 206.947 112.71 217.797 113.973 226.823 116.133 233 123.5 233 136 233 148.5 233 161 220.5 161 208 161 195.5 161 183 161 183 148.5 183 136 183 123.5
183 161 16 50 34 0 0 0 0 183 161 195.5 161 208 161 220.5 161 233 161 233 169.5 233 178 233 186.5 226.823 189.867 217.797 192.027 206.947 193.29 195.194 194.046 182.976 194 183 186.5 183 178 183 169.5
233 111 16 48 50 0 0 0 0 226.823 116.133 235.013 117.719 241.291 119.876 247.382 121.525 251.535 123.6 262.79 128.975 273.115 137.367 280.001 148.546 279.006 160.837 269 161 257 161 245 161 233 161 233 148.5 233 136 233 123.5
233 161 16 48 34 0 0 0 0 233 161 245 161 257 161 269 161 279.006 160.837 274.095 168.338 266.456 174.293 259.211 179.063 251.535 182.4 247.382 184.475 241.291 186.124 235.013 188.281 226.823 189.867 233 186.5 233 178 233 169.5
end 

