begin 36
169 208 16 50 50 0 0 0 0 169 208 181.5 208 194 208 206.5 208 219 208 219 220.5 219 233 219 245.5 219 258 206.5 258 194 258 181.5 258 169 258 169 245.5 169 233 169 220.5
169 258 16 50 50 0 0 0 0 169 258 181.5 258 194 258 206.5 258 219 258 219 270.5 219 283 219 295.5 219 308 206.5 308 194 308 181.5 308 169 308 169 295.5 169 283 169 270.5
169 308 16 50 50 0 0 0 0 169 308 181.5 308 194 308 206.5 308 219 308 219 320.5 219 333 219 345.5 219 358 206.5 358 194 358 181.5 358 169 358 169 345.5 169 333 169 320.5
169 358 16 50 23 0 0 0 0 169 358 181.5 358 194 358 206.5 358 219 358 219 363.75 219 369.5 219 375.25 219 381 206.5 381 194 381 181.5 381 169 381 169 375.25 169 369.5 169 363.75
219 208 16 50 50 0 0 0 0 219 208 231.5 208 244 208 256.5 208 269 208 269 220.5 269 233 269 245.5 269 258 256.5 258 244 258 231.5 258 219 258 219 245.5 219 233 219 220.5
219 258 16 50 50 0 0 0 0 219 258 231.5 258 244 258 256.5 258 269 258 269 270.5 269 283 269 295.5 269 308 256.5 308 244 308 231.5 308 219 308 219 295.5 219 283 219 270.5
219 308 16 50 50 0 0 0 0 219 308 231.5 308 244 308 256.5 308 269 308 269 320.5 269 333 269 345.5 269 358 256.5 358 244 358 231.5 358 219 358 219 345.5 219 333 219 320.5
219 358 16 50 23 0 0 0 0 219 358 231.5 358 244 358 256.5 358 269 358 269 363.75 269 369.5 269 375.25 269 381 256.5 381 244 381 231.5 381 219 381 219 375.25 219 369.5 219 363.75
269 208 16 50 50 0 0 0 0 269 208 281.5 208 294 208 306.5 208 319 208 319 220.5 319 233 319 245.5 319 258 306.5 258 294 258 281.5 258 269 258 269 245.5 269 233 269 220.5
269 258 16 50 50 0 0 0 0 269 258 281.5 258 294 258 306.5 258 319 258 319 270.5 319 283 319 295.5 319 308 306.5 308 294 308 281.5 308 269 308 269 295.5 269 283 269 270.5
269 308 16 50 50 0 0 0 0 269 308 281.5 308 294 308 306.5 308 319 308 319 320.5 319 333 319 345.5 319 358 306.5 358 294 358 281.5 358 269 358 269 345.5 269 333 269 320.5
269 358 16 50 23 0 0 0 0 269 358 281.5 358 294 358 306.5 358 319 358 319 363.75 319 369.5 319 375.25 319 381 306.5 381 294 381 281.5 381 269 381 269 375.25 269 369.5 269 363.75
319 208 16 50 50 0 0 0 0 319 208 331.5 208 344 208 356.5 208 369 208 369 220.5 369 233 369 245.5 369 258 356.5 258 344 258 331.5 258 319 258 319 245.5 319 233 319 220.5
319 258 16 50 50 0 0 0 0 319 258 331.5 258 344 258 356.5 258 369 258 369 270.5 369 283 369 295.5 369 308 356.5 308 344 308 331.5 308 319 308 319 295.5 319 283 319 270.5
319 308 16 50 50 0 0 0 0 319 308 331.5 308 344 308 356.5 308 369 308 369 320.5 369 333 369 345.5 369 358 356.5 358 344 358 331.5 358 319 358 319 345.5 319 333 319 320.5
319 358 16 50 23 0 0 0 0 319 358 331.5 358 344 358 356.5 358 369 358 369 363.75 369 369.5 369 375.25 369 381 356.5 381 344 381 331.5 381 319 381 319 375.25 319 369.5 319 363.75
369 208 16 50 50 0 0 0 0 369 208 381.5 208 394 208 406.5 208 419 208 419 220.5 419 233 419 245.5 419 258 406.5 258 394 258 381.5 258 369 258 369 245.5 369 233 369 220.5
369 258 16 50 50 0 0 0 0 369 258 381.5 258 394 258 406.5 258 419 258 419 270.5 419 283 419 295.5 419 308 406.5 308 394 308 381.5 308 369 308 369 295.5 369 283 369 270.5
369 308 16 50 50 0 0 0 0 369 308 381.5 308 394 308 406.5 308 419 308 419 320.5 419 333 419 345.5 419 358 406.5 358 394 358 381.5 358 369 358 369 345.5 369 333 369 320.5
369 358 16 50 23 0 0 0 0 369 358 381.5 358 394 358 406.5 358 419 358 419 363.75 419 369.5 419 375.25 419 381 406.5 381 394 381 381.5 381 369 381 369 375.25 369 369.5 369 363.75
419 208 16 50 50 0 0 0 0 419 208 431.5 208 444 208 456.5 208 469 208 469 220.5 469 233 469 245.5 469 258 456.5 258 444 258 431.5 258 419 258 419 245.5 419 233 419 220.5
419 258 16 50 50 0 0 0 0 419 258 431.5 258 444 258 456.5 258 469 258 469 270.5 469 283 469 295.5 469 308 456.5 308 444 308 431.5 308 419 308 419 295.5 419 283 419 270.5
419 308 16 50 50 0 0 0 0 419 308 431.5 308 444 308 456.5 308 469 308 469 320.5 469 333 469 345.5 469 358 456.5 358 444 358 431.5 358 419 358 419 345.5 419 333 419 320.5
419 358 16 50 23 0 0 0 0 419 358 431.5 358 444 358 456.5 358 469 358 469 363.75 469 369.5 469 375.25 469 381 456.5 381 444 381 431.5 381 419 381 419 375.25 419 369.5 419 363.75
469 208 16 50 50 0 0 0 0 469 208 481.5 208 494 208 506.5 208 519 208 519 220.5 519 233 519 245.5 519 258 506.5 258 494 258 481.5 258 469 258 469 245.5 469 233 469 220.5
469 258 16 50 50 0 0 0 0 469 258 481.5 258 494 258 506.5 258 519 258 519 270.5 519 283 519 295.5 519 308 506.5 308 494 308 481.5 308 469 308 469 295.5 469 283 469 270.5
469 308 16 50 50 0 0 0 0 469 308 481.5 308 494 308 506.5 308 519 308 519 320.5 519 333 519 345.5 519 358 506.5 358 494 358 481.5 358 469 358 469 345.5 469 333 469 320.5
469 358 16 50 23 0 0 0 0 469 358 481.5 358 494 358 506.5 358 519 358 519 363.75 519 369.5 519 375.25 519 381 506.5 381 494 381 481.5 381 469 381 469 375.25 469 369.5 469 363.75
519 208 16 50 50 0 0 0 0 519 208 531.5 208 544 208 556.5 208 569 208 569 220.5 569 233 569 245.5 569 258 556.5 258 544 258 531.5 258 519 258 519 245.5 519 233 519 220.5
519 258 16 50 50 0 0 0 0 519 258 531.5 258 544 258 556.5 258 569 258 569 270.5 569 283 569 295.5 569 308 556.5 308 544 308 531.5 308 519 308 519 295.5 519 283 519 270.5
519 308 16 50 50 0 0 0 0 519 308 531.5 308 544 308 556.5 308 569 308 569 320.5 569 333 569 345.5 569 358 556.5 358 544 358 531.5 358 519 358 519 345.5 519 333 519 320.5
519 358 16 50 23 0 0 0 0 519 358 531.5 358 544 358 556.5 358 569 358 569 363.75 569 369.5 569 375.25 569 381 556.5 381 544 381 531.5 381 519 381 519 375.25 519 369.5 519 363.75
569 208 16 46 50 0 0 0 0 569 208 580.5 208 592 208 603.5 208 615 208 615 220.5 615 233 615 245.5 615 258 603.5 258 592 258 580.5 258 569 258 569 245.5 569 233 569 220.5
569 258 16 46 50 0 0 0 0 569 258 580.5 258 592 258 603.5 258 615 258 615 270.5 615 283 615 295.5 615 308 603.5 308 592 308 580.5 308 569 308 569 295.5 569 283 569 270.5
569 308 16 46 50 0 0 0 0 569 308 580.5 308 592 308 603.5 308 615 308 615 320.5 615 333 615 345.5 615 358 603.5 358 592 358 580.5 358 569 358 569 345.5 569 333 569 320.5
569 358 16 46 23 0 0 0 0 569 358 580.5 358 592 358 603.5 358 615 358 615 363.75 615 369.5 615 375.25 615 381 603.5 381 592 381 580.5 381 569 381 569 375.25 569 369.5 569 363.75
end 

