begin 32
135 180 16 50 50 0 0 0 0 135 180 147.5 180 160 180 172.5 180 185 180 185 192.5 185 205 185 217.5 185 230 172.5 230 160 230 147.5 230 135 230 135 217.5 135 205 135 192.5
135 230 16 50 50 0 0 0 0 135 230 147.5 230 160 230 172.5 230 185 230 185 242.5 185 255 185 267.5 185 280 172.5 280 160 280 147.5 280 135 280 135 267.5 135 255 135 242.5
135 280 16 50 50 0 0 0 0 135 280 147.5 280 160 280 172.5 280 185 280 185 292.5 185 305 185 317.5 185 330 172.5 330 160 330 147.5 330 135 330 135 317.5 135 305 135 292.5
135 330 16 50 30 0 0 0 0 135 330 147.5 330 160 330 172.5 330 185 330 185 337.5 185 345 185 352.5 185 360 172.5 360 160 360 147.5 360 135 360 135 352.5 135 345 135 337.5
185 180 16 50 50 0 0 0 0 185 180 197.5 180 210 180 222.5 180 235 180 235 192.5 235 205 235 217.5 235 230 222.5 230 210 230 197.5 230 185 230 185 217.5 185 205 185 192.5
185 230 16 50 50 0 0 0 0 185 230 197.5 230 210 230 222.5 230 235 230 235 242.5 235 255 235 267.5 235 280 222.5 280 210 280 197.5 280 185 280 185 267.5 185 255 185 242.5
185 280 16 50 50 0 0 0 0 185 280 197.5 280 210 280 222.5 280 235 280 235 292.5 235 305 235 317.5 235 330 222.5 330 210 330 197.5 330 185 330 185 317.5 185 305 185 292.5
185 330 16 50 30 0 0 0 0 185 330 197.5 330 210 330 222.5 330 235 330 235 337.5 235 345 235 352.5 235 360 222.5 360 210 360 197.5 360 185 360 185 352.5 185 345 185 337.5
235 180 16 50 50 0 0 0 0 235 180 247.5 180 260 180 272.5 180 285 180 285 192.5 285 205 285 217.5 285 230 272.5 230 260 230 247.5 230 235 230 235 217.5 235 205 235 192.5
235 230 16 50 50 0 0 0 0 235 230 247.5 230 260 230 272.5 230 285 230 285 242.5 285 255 285 267.5 285 280 272.5 280 260 280 247.5 280 235 280 235 267.5 235 255 235 242.5
235 280 16 50 50 0 0 0 0 235 280 247.5 280 260 280 272.5 280 285 280 285 292.5 285 305 285 317.5 285 330 272.5 330 260 330 247.5 330 235 330 235 317.5 235 305 235 292.5
235 330 16 50 30 0 0 0 0 235 330 247.5 330 260 330 272.5 330 285 330 285 337.5 285 345 285 352.5 285 360 272.5 360 260 360 247.5 360 235 360 235 352.5 235 345 235 337.5
285 180 16 50 50 0 0 0 0 285 180 297.5 180 310 180 322.5 180 335 180 335 192.5 335 205 335 217.5 335 230 322.5 230 310 230 297.5 230 285 230 285 217.5 285 205 285 192.5
285 230 16 50 50 0 0 0 0 285 230 297.5 230 310 230 322.5 230 335 230 335 242.5 335 255 335 267.5 335 280 322.5 280 310 280 297.5 280 285 280 285 267.5 285 255 285 242.5
285 280 16 50 50 0 0 0 0 285 280 297.5 280 310 280 322.5 280 335 280 335 292.5 335 305 335 317.5 335 330 322.5 330 310 330 297.5 330 285 330 285 317.5 285 305 285 292.5
285 330 16 50 30 0 0 0 0 285 330 297.5 330 310 330 322.5 330 335 330 335 337.5 335 345 335 352.5 335 360 322.5 360 310 360 297.5 360 285 360 285 352.5 285 345 285 337.5
335 180 16 50 50 0 0 0 0 335 180 347.5 180 360 180 372.5 180 385 180 385 192.5 385 205 385 217.5 385 230 372.5 230 360 230 347.5 230 335 230 335 217.5 335 205 335 192.5
335 230 16 50 50 0 0 0 0 335 230 347.5 230 360 230 372.5 230 385 230 385 242.5 385 255 385 267.5 385 280 372.5 280 360 280 347.5 280 335 280 335 267.5 335 255 335 242.5
335 280 16 50 50 0 0 0 0 335 280 347.5 280 360 280 372.5 280 385 280 385 292.5 385 305 385 317.5 385 330 372.5 330 360 330 347.5 330 335 330 335 317.5 335 305 335 292.5
335 330 16 50 30 0 0 0 0 335 330 347.5 330 360 330 372.5 330 385 330 385 337.5 385 345 385 352.5 385 360 372.5 360 360 360 347.5 360 335 360 335 352.5 335 345 335 337.5
385 180 16 50 50 0 0 0 0 385 180 397.5 180 410 180 422.5 180 435 180 435 192.5 435 205 435 217.5 435 230 422.5 230 410 230 397.5 230 385 230 385 217.5 385 205 385 192.5
385 230 16 50 50 0 0 0 0 385 230 397.5 230 410 230 422.5 230 435 230 435 242.5 435 255 435 267.5 435 280 422.5 280 410 280 397.5 280 385 280 385 267.5 385 255 385 242.5
385 280 16 50 50 0 0 0 0 385 280 397.5 280 410 280 422.5 280 435 280 435 292.5 435 305 435 317.5 435 330 422.5 330 410 330 397.5 330 385 330 385 317.5 385 305 385 292.5
385 330 16 50 30 0 0 0 0 385 330 397.5 330 410 330 422.5 330 435 330 435 337.5 435 345 435 352.5 435 360 422.5 360 410 360 397.5 360 385 360 385 352.5 385 345 385 337.5
435 180 16 50 50 0 0 0 0 435 180 447.5 180 460 180 472.5 180 485 180 485 192.5 485 205 485 217.5 485 230 472.5 230 460 230 447.5 230 435 230 435 217.5 435 205 435 192.5
435 230 16 50 50 0 0 0 0 435 230 447.5 230 460 230 472.5 230 485 230 485 242.5 485 255 485 267.5 485 280 472.5 280 460 280 447.5 280 435 280 435 267.5 435 255 435 242.5
435 280 16 50 50 0 0 0 0 435 280 447.5 280 460 280 472.5 280 485 280 485 292.5 485 305 485 317.5 485 330 472.5 330 460 330 447.5 330 435 330 435 317.5 435 305 435 292.5
435 330 16 50 30 0 0 0 0 435 330 447.5 330 460 330 472.5 330 485 330 485 337.5 485 345 485 352.5 485 360 472.5 360 460 360 447.5 360 435 360 435 352.5 435 345 435 337.5
485 180 16 46 50 0 0 0 0 485 180 496.5 180 508 180 519.5 180 531 180 531 192.5 531 205 531 217.5 531 230 519.5 230 508 230 496.5 230 485 230 485 217.5 485 205 485 192.5
485 230 16 46 50 0 0 0 0 485 230 496.5 230 508 230 519.5 230 531 230 531 242.5 531 255 531 267.5 531 280 519.5 280 508 280 496.5 280 485 280 485 267.5 485 255 485 242.5
485 280 16 46 50 0 0 0 0 485 280 496.5 280 508 280 519.5 280 531 280 531 292.5 531 305 531 317.5 531 330 519.5 330 508 330 496.5 330 485 330 485 317.5 485 305 485 292.5
485 330 16 46 30 0 0 0 0 485 330 496.5 330 508 330 519.5 330 531 330 531 337.5 531 345 531 352.5 531 360 519.5 360 508 360 496.5 360 485 360 485 352.5 485 345 485 337.5
end 

