begin 36
154 188 16 50 50 92 51 23 1 154 188 166.5 188 179 188 191.5 188 204 188 204 200.5 204 213 204 225.5 204 238 191.5 238 179 238 166.5 238 154 238 154 225.5 154 213 154 200.5
154 238 16 50 50 92 51 23 1 154 238 166.5 238 179 238 191.5 238 204 238 204 250.5 204 263 204 275.5 204 288 191.5 288 179 288 166.5 288 154 288 154 275.5 154 263 154 250.5
154 288 16 50 50 92 51 23 1 154 288 166.5 288 179 288 191.5 288 204 288 204 300.5 204 313 204 325.5 204 338 191.5 338 179 338 166.5 338 154 338 154 325.5 154 313 154 300.5
154 338 16 50 49 92 51 23 1 154 338 166.5 338 179 338 191.5 338 204 338 204 350.25 204 362.5 204 374.75 204 387 191.5 387 179 387 166.5 387 154 387 154 374.75 154 362.5 154 350.25
204 188 16 50 50 92 51 23 1 204 188 216.5 188 229 188 241.5 188 254 188 254 200.5 254 213 254 225.5 254 238 241.5 238 229 238 216.5 238 204 238 204 225.5 204 213 204 200.5
204 238 16 50 50 92 51 23 1 204 238 216.5 238 229 238 241.5 238 254 238 254 250.5 254 263 254 275.5 254 288 241.5 288 229 288 216.5 288 204 288 204 275.5 204 263 204 250.5
204 288 16 50 50 92 51 23 1 204 288 216.5 288 229 288 241.5 288 254 288 254 300.5 254 313 254 325.5 254 338 241.5 338 229 338 216.5 338 204 338 204 325.5 204 313 204 300.5
204 338 16 50 49 92 51 23 1 204 338 216.5 338 229 338 241.5 338 254 338 254 350.25 254 362.5 254 374.75 254 387 241.5 387 229 387 216.5 387 204 387 204 374.75 204 362.5 204 350.25
254 188 16 50 50 92 51 23 1 254 188 266.5 188 279 188 291.5 188 304 188 304 200.5 304 213 304 225.5 304 238 291.5 238 279 238 266.5 238 254 238 254 225.5 254 213 254 200.5
254 238 16 50 50 92 51 23 1 254 238 266.5 238 279 238 291.5 238 304 238 304 250.5 304 263 304 275.5 304 288 291.5 288 279 288 266.5 288 254 288 254 275.5 254 263 254 250.5
254 288 16 50 50 92 51 23 1 254 288 266.5 288 279 288 291.5 288 304 288 304 300.5 304 313 304 325.5 304 338 291.5 338 279 338 266.5 338 254 338 254 325.5 254 313 254 300.5
254 338 16 50 49 92 51 23 1 254 338 266.5 338 279 338 291.5 338 304 338 304 350.25 304 362.5 304 374.75 304 387 291.5 387 279 387 266.5 387 254 387 254 374.75 254 362.5 254 350.25
304 188 16 50 50 92 51 23 1 304 188 316.5 188 329 188 341.5 188 354 188 354 200.5 354 213 354 225.5 354 238 341.5 238 329 238 316.5 238 304 238 304 225.5 304 213 304 200.5
304 238 16 50 50 92 51 23 1 304 238 316.5 238 329 238 341.5 238 354 238 354 250.5 354 263 354 275.5 354 288 341.5 288 329 288 316.5 288 304 288 304 275.5 304 263 304 250.5
304 288 16 50 50 92 51 23 1 304 288 316.5 288 329 288 341.5 288 354 288 354 300.5 354 313 354 325.5 354 338 341.5 338 329 338 316.5 338 304 338 304 325.5 304 313 304 300.5
304 338 16 50 49 92 51 23 1 304 338 316.5 338 329 338 341.5 338 354 338 354 350.25 354 362.5 354 374.75 354 387 341.5 387 329 387 316.5 387 304 387 304 374.75 304 362.5 304 350.25
354 188 16 50 50 92 51 23 1 354 188 366.5 188 379 188 391.5 188 404 188 404 200.5 404 213 404 225.5 404 238 391.5 238 379 238 366.5 238 354 238 354 225.5 354 213 354 200.5
354 238 16 50 50 92 51 23 1 354 238 366.5 238 379 238 391.5 238 404 238 404 250.5 404 263 404 275.5 404 288 391.5 288 379 288 366.5 288 354 288 354 275.5 354 263 354 250.5
354 288 16 50 50 92 51 23 1 354 288 366.5 288 379 288 391.5 288 404 288 404 300.5 404 313 404 325.5 404 338 391.5 338 379 338 366.5 338 354 338 354 325.5 354 313 354 300.5
354 338 16 50 49 92 51 23 1 354 338 366.5 338 379 338 391.5 338 404 338 404 350.25 404 362.5 404 374.75 404 387 391.5 387 379 387 366.5 387 354 387 354 374.75 354 362.5 354 350.25
404 188 16 50 50 92 51 23 1 404 188 416.5 188 429 188 441.5 188 454 188 454 200.5 454 213 454 225.5 454 238 441.5 238 429 238 416.5 238 404 238 404 225.5 404 213 404 200.5
404 238 16 50 50 92 51 23 1 404 238 416.5 238 429 238 441.5 238 454 238 454 250.5 454 263 454 275.5 454 288 441.5 288 429 288 416.5 288 404 288 404 275.5 404 263 404 250.5
404 288 16 50 50 92 51 23 1 404 288 416.5 288 429 288 441.5 288 454 288 454 300.5 454 313 454 325.5 454 338 441.5 338 429 338 416.5 338 404 338 404 325.5 404 313 404 300.5
404 338 16 50 49 92 51 23 1 404 338 416.5 338 429 338 441.5 338 454 338 454 350.25 454 362.5 454 374.75 454 387 441.5 387 429 387 416.5 387 404 387 404 374.75 404 362.5 404 350.25
454 188 16 50 50 92 51 23 1 454 188 466.5 188 479 188 491.5 188 504 188 504 200.5 504 213 504 225.5 504 238 491.5 238 479 238 466.5 238 454 238 454 225.5 454 213 454 200.5
454 238 16 50 50 92 51 23 1 454 238 466.5 238 479 238 491.5 238 504 238 504 250.5 504 263 504 275.5 504 288 491.5 288 479 288 466.5 288 454 288 454 275.5 454 263 454 250.5
454 288 16 50 50 92 51 23 1 454 288 466.5 288 479 288 491.5 288 504 288 504 300.5 504 313 504 325.5 504 338 491.5 338 479 338 466.5 338 454 338 454 325.5 454 313 454 300.5
454 338 16 50 49 92 51 23 1 454 338 466.5 338 479 338 491.5 338 504 338 504 350.25 504 362.5 504 374.75 504 387 491.5 387 479 387 466.5 387 454 387 454 374.75 454 362.5 454 350.25
504 188 16 50 50 92 51 23 1 504 188 516.5 188 529 188 541.5 188 554 188 554 200.5 554 213 554 225.5 554 238 541.5 238 529 238 516.5 238 504 238 504 225.5 504 213 504 200.5
504 238 16 50 50 92 51 23 1 504 238 516.5 238 529 238 541.5 238 554 238 554 250.5 554 263 554 275.5 554 288 541.5 288 529 288 516.5 288 504 288 504 275.5 504 263 504 250.5
504 288 16 50 50 92 51 23 1 504 288 516.5 288 529 288 541.5 288 554 288 554 300.5 554 313 554 325.5 554 338 541.5 338 529 338 516.5 338 504 338 504 325.5 504 313 504 300.5
504 338 16 50 49 92 51 23 1 504 338 516.5 338 529 338 541.5 338 554 338 554 350.25 554 362.5 554 374.75 554 387 541.5 387 529 387 516.5 387 504 387 504 374.75 504 362.5 504 350.25
554 188 16 21 50 92 51 23 1 554 188 559.25 188 564.5 188 569.75 188 575 188 575 200.5 575 213 575 225.5 575 238 569.75 238 564.5 238 559.25 238 554 238 554 225.5 554 213 554 200.5
554 238 16 21 50 92 51 23 1 554 238 559.25 238 564.5 238 569.75 238 575 238 575 250.5 575 263 575 275.5 575 288 569.75 288 564.5 288 559.25 288 554 288 554 275.5 554 263 554 250.5
554 288 16 21 50 92 51 23 1 554 288 559.25 288 564.5 288 569.75 288 575 288 575 300.5 575 313 575 325.5 575 338 569.75 338 564.5 338 559.25 338 554 338 554 325.5 554 313 554 300.5
554 338 16 21 49 92 51 23 1 554 338 559.25 338 564.5 338 569.75 338 575 338 575 350.25 575 362.5 575 374.75 575 387 569.75 387 564.5 387 559.25 387 554 387 554 374.75 554 362.5 554 350.25
end 

