begin 78
83 212 16 50 50 92 51 23 1 83 212 95.5 212 108 212 120.5 212 133 212 133 224.5 133 237 133 249.5 133 262 120.5 262 108 262 95.5 262 83 262 83 249.5 83 237 83 224.5
83 262 16 50 50 92 51 23 1 83 262 95.5 262 108 262 120.5 262 133 262 133 274.5 133 287 133 299.5 133 312 120.5 312 108 312 95.5 312 83 312 83 299.5 83 287 83 274.5
83 312 16 50 50 92 51 23 1 83 312 95.5 312 108 312 120.5 312 133 312 133 324.5 133 337 133 349.5 133 362 120.5 362 108 362 95.5 362 83 362 83 349.5 83 337 83 324.5
83 362 16 50 50 92 51 23 1 83 362 95.5 362 108 362 120.5 362 133 362 133 374.5 133 387 133 399.5 133 412 120.5 412 108 412 95.5 412 83 412 83 399.5 83 387 83 374.5
83 412 16 50 50 92 51 23 1 83 412 95.5 412 108 412 120.5 412 133 412 133 424.5 133 437 133 449.5 133 462 120.5 462 108 462 95.5 462 83 462 83 449.5 83 437 83 424.5
83 462 16 50 14 92 51 23 1 83 462 95.5 462 108 462 120.5 462 133 462 133 465.5 133 469 133 472.5 133 476 120.5 476 108 476 95.5 476 83 476 83 472.5 83 469 83 465.5
133 212 16 50 50 92 51 23 1 133 212 145.5 212 158 212 170.5 212 183 212 183 224.5 183 237 183 249.5 183 262 170.5 262 158 262 145.5 262 133 262 133 249.5 133 237 133 224.5
133 262 16 50 50 92 51 23 1 133 262 145.5 262 158 262 170.5 262 183 262 183 274.5 183 287 183 299.5 183 312 170.5 312 158 312 145.5 312 133 312 133 299.5 133 287 133 274.5
133 312 16 50 50 92 51 23 1 133 312 145.5 312 158 312 170.5 312 183 312 183 324.5 183 337 183 349.5 183 362 170.5 362 158 362 145.5 362 133 362 133 349.5 133 337 133 324.5
133 362 16 50 50 92 51 23 1 133 362 145.5 362 158 362 170.5 362 183 362 183 374.5 183 387 183 399.5 183 412 170.5 412 158 412 145.5 412 133 412 133 399.5 133 387 133 374.5
133 412 16 50 50 92 51 23 1 133 412 145.5 412 158 412 170.5 412 183 412 183 424.5 183 437 183 449.5 183 462 170.5 462 158 462 145.5 462 133 462 133 449.5 133 437 133 424.5
133 462 16 50 14 92 51 23 1 133 462 145.5 462 158 462 170.5 462 183 462 183 465.5 183 469 183 472.5 183 476 170.5 476 158 476 145.5 476 133 476 133 472.5 133 469 133 465.5
183 212 16 50 50 92 51 23 1 183 212 195.5 212 208 212 220.5 212 233 212 233 224.5 233 237 233 249.5 233 262 220.5 262 208 262 195.5 262 183 262 183 249.5 183 237 183 224.5
183 262 16 50 50 92 51 23 1 183 262 195.5 262 208 262 220.5 262 233 262 233 274.5 233 287 233 299.5 233 312 220.5 312 208 312 195.5 312 183 312 183 299.5 183 287 183 274.5
183 312 16 50 50 92 51 23 1 183 312 195.5 312 208 312 220.5 312 233 312 233 324.5 233 337 233 349.5 233 362 220.5 362 208 362 195.5 362 183 362 183 349.5 183 337 183 324.5
183 362 16 50 50 92 51 23 1 183 362 195.5 362 208 362 220.5 362 233 362 233 374.5 233 387 233 399.5 233 412 220.5 412 208 412 195.5 412 183 412 183 399.5 183 387 183 374.5
183 412 16 50 50 92 51 23 1 183 412 195.5 412 208 412 220.5 412 233 412 233 424.5 233 437 233 449.5 233 462 220.5 462 208 462 195.5 462 183 462 183 449.5 183 437 183 424.5
183 462 16 50 14 92 51 23 1 183 462 195.5 462 208 462 220.5 462 233 462 233 465.5 233 469 233 472.5 233 476 220.5 476 208 476 195.5 476 183 476 183 472.5 183 469 183 465.5
233 212 16 50 50 92 51 23 1 233 212 245.5 212 258 212 270.5 212 283 212 283 224.5 283 237 283 249.5 283 262 270.5 262 258 262 245.5 262 233 262 233 249.5 233 237 233 224.5
233 262 16 50 50 92 51 23 1 233 262 245.5 262 258 262 270.5 262 283 262 283 274.5 283 287 283 299.5 283 312 270.5 312 258 312 245.5 312 233 312 233 299.5 233 287 233 274.5
233 312 16 50 50 92 51 23 1 233 312 245.5 312 258 312 270.5 312 283 312 283 324.5 283 337 283 349.5 283 362 270.5 362 258 362 245.5 362 233 362 233 349.5 233 337 233 324.5
233 362 16 50 50 92 51 23 1 233 362 245.5 362 258 362 270.5 362 283 362 283 374.5 283 387 283 399.5 283 412 270.5 412 258 412 245.5 412 233 412 233 399.5 233 387 233 374.5
233 412 16 50 50 92 51 23 1 233 412 245.5 412 258 412 270.5 412 283 412 283 424.5 283 437 283 449.5 283 462 270.5 462 258 462 245.5 462 233 462 233 449.5 233 437 233 424.5
233 462 16 50 14 92 51 23 1 233 462 245.5 462 258 462 270.5 462 283 462 283 465.5 283 469 283 472.5 283 476 270.5 476 258 476 245.5 476 233 476 233 472.5 233 469 233 465.5
283 212 16 50 50 92 51 23 1 283 212 295.5 212 308 212 320.5 212 333 212 333 224.5 333 237 333 249.5 333 262 320.5 262 308 262 295.5 262 283 262 283 249.5 283 237 283 224.5
283 262 16 50 50 92 51 23 1 283 262 295.5 262 308 262 320.5 262 333 262 333 274.5 333 287 333 299.5 333 312 320.5 312 308 312 295.5 312 283 312 283 299.5 283 287 283 274.5
283 312 16 50 50 92 51 23 1 283 312 295.5 312 308 312 320.5 312 333 312 333 324.5 333 337 333 349.5 333 362 320.5 362 308 362 295.5 362 283 362 283 349.5 283 337 283 324.5
283 362 16 50 50 92 51 23 1 283 362 295.5 362 308 362 320.5 362 333 362 333 374.5 333 387 333 399.5 333 412 320.5 412 308 412 295.5 412 283 412 283 399.5 283 387 283 374.5
283 412 16 50 50 92 51 23 1 283 412 295.5 412 308 412 320.5 412 333 412 333 424.5 333 437 333 449.5 333 462 320.5 462 308 462 295.5 462 283 462 283 449.5 283 437 283 424.5
283 462 16 50 14 92 51 23 1 283 462 295.5 462 308 462 320.5 462 333 462 333 465.5 333 469 333 472.5 333 476 320.5 476 308 476 295.5 476 283 476 283 472.5 283 469 283 465.5
333 212 16 50 50 92 51 23 1 333 212 345.5 212 358 212 370.5 212 383 212 383 224.5 383 237 383 249.5 383 262 370.5 262 358 262 345.5 262 333 262 333 249.5 333 237 333 224.5
333 262 16 50 50 92 51 23 1 333 262 345.5 262 358 262 370.5 262 383 262 383 274.5 383 287 383 299.5 383 312 370.5 312 358 312 345.5 312 333 312 333 299.5 333 287 333 274.5
333 312 16 50 50 92 51 23 1 333 312 345.5 312 358 312 370.5 312 383 312 383 324.5 383 337 383 349.5 383 362 370.5 362 358 362 345.5 362 333 362 333 349.5 333 337 333 324.5
333 362 16 50 50 92 51 23 1 333 362 345.5 362 358 362 370.5 362 383 362 383 374.5 383 387 383 399.5 383 412 370.5 412 358 412 345.5 412 333 412 333 399.5 333 387 333 374.5
333 412 16 50 50 92 51 23 1 333 412 345.5 412 358 412 370.5 412 383 412 383 424.5 383 437 383 449.5 383 462 370.5 462 358 462 345.5 462 333 462 333 449.5 333 437 333 424.5
333 462 16 50 14 92 51 23 1 333 462 345.5 462 358 462 370.5 462 383 462 383 465.5 383 469 383 472.5 383 476 370.5 476 358 476 345.5 476 333 476 333 472.5 333 469 333 465.5
383 212 16 50 50 92 51 23 1 383 212 395.5 212 408 212 420.5 212 433 212 433 224.5 433 237 433 249.5 433 262 420.5 262 408 262 395.5 262 383 262 383 249.5 383 237 383 224.5
383 262 16 50 50 92 51 23 1 383 262 395.5 262 408 262 420.5 262 433 262 433 274.5 433 287 433 299.5 433 312 420.5 312 408 312 395.5 312 383 312 383 299.5 383 287 383 274.5
383 312 16 50 50 92 51 23 1 383 312 395.5 312 408 312 420.5 312 433 312 433 324.5 433 337 433 349.5 433 362 420.5 362 408 362 395.5 362 383 362 383 349.5 383 337 383 324.5
383 362 16 50 50 92 51 23 1 383 362 395.5 362 408 362 420.5 362 433 362 433 374.5 433 387 433 399.5 433 412 420.5 412 408 412 395.5 412 383 412 383 399.5 383 387 383 374.5
383 412 16 50 50 92 51 23 1 383 412 395.5 412 408 412 420.5 412 433 412 433 424.5 433 437 433 449.5 433 462 420.5 462 408 462 395.5 462 383 462 383 449.5 383 437 383 424.5
383 462 16 50 14 92 51 23 1 383 462 395.5 462 408 462 420.5 462 433 462 433 465.5 433 469 433 472.5 433 476 420.5 476 408 476 395.5 476 383 476 383 472.5 383 469 383 465.5
433 212 16 50 50 92 51 23 1 433 212 445.5 212 458 212 470.5 212 483 212 483 224.5 483 237 483 249.5 483 262 470.5 262 458 262 445.5 262 433 262 433 249.5 433 237 433 224.5
433 262 16 50 50 92 51 23 1 433 262 445.5 262 458 262 470.5 262 483 262 483 274.5 483 287 483 299.5 483 312 470.5 312 458 312 445.5 312 433 312 433 299.5 433 287 433 274.5
433 312 16 50 50 92 51 23 1 433 312 445.5 312 458 312 470.5 312 483 312 483 324.5 483 337 483 349.5 483 362 470.5 362 458 362 445.5 362 433 362 433 349.5 433 337 433 324.5
433 362 16 50 50 92 51 23 1 433 362 445.5 362 458 362 470.5 362 483 362 483 374.5 483 387 483 399.5 483 412 470.5 412 458 412 445.5 412 433 412 433 399.5 433 387 433 374.5
433 412 16 50 50 92 51 23 1 433 412 445.5 412 458 412 470.5 412 483 412 483 424.5 483 437 483 449.5 483 462 470.5 462 458 462 445.5 462 433 462 433 449.5 433 437 433 424.5
433 462 16 50 14 92 51 23 1 433 462 445.5 462 458 462 470.5 462 483 462 483 465.5 483 469 483 472.5 483 476 470.5 476 458 476 445.5 476 433 476 433 472.5 433 469 433 465.5
483 212 16 50 50 92 51 23 1 483 212 495.5 212 508 212 520.5 212 533 212 533 224.5 533 237 533 249.5 533 262 520.5 262 508 262 495.5 262 483 262 483 249.5 483 237 483 224.5
483 262 16 50 50 92 51 23 1 483 262 495.5 262 508 262 520.5 262 533 262 533 274.5 533 287 533 299.5 533 312 520.5 312 508 312 495.5 312 483 312 483 299.5 483 287 483 274.5
483 312 16 50 50 92 51 23 1 483 312 495.5 312 508 312 520.5 312 533 312 533 324.5 533 337 533 349.5 533 362 520.5 362 508 362 495.5 362 483 362 483 349.5 483 337 483 324.5
483 362 16 50 50 92 51 23 1 483 362 495.5 362 508 362 520.5 362 533 362 533 374.5 533 387 533 399.5 533 412 520.5 412 508 412 495.5 412 483 412 483 399.5 483 387 483 374.5
483 412 16 50 50 92 51 23 1 483 412 495.5 412 508 412 520.5 412 533 412 533 424.5 533 437 533 449.5 533 462 520.5 462 508 462 495.5 462 483 462 483 449.5 483 437 483 424.5
483 462 16 50 14 92 51 23 1 483 462 495.5 462 508 462 520.5 462 533 462 533 465.5 533 469 533 472.5 533 476 520.5 476 508 476 495.5 476 483 476 483 472.5 483 469 483 465.5
533 212 16 50 50 92 51 23 1 533 212 545.5 212 558 212 570.5 212 583 212 583 224.5 583 237 583 249.5 583 262 570.5 262 558 262 545.5 262 533 262 533 249.5 533 237 533 224.5
533 262 16 50 50 92 51 23 1 533 262 545.5 262 558 262 570.5 262 583 262 583 274.5 583 287 583 299.5 583 312 570.5 312 558 312 545.5 312 533 312 533 299.5 533 287 533 274.5
533 312 16 50 50 92 51 23 1 533 312 545.5 312 558 312 570.5 312 583 312 583 324.5 583 337 583 349.5 583 362 570.5 362 558 362 545.5 362 533 362 533 349.5 533 337 533 324.5
533 362 16 50 50 92 51 23 1 533 362 545.5 362 558 362 570.5 362 583 362 583 374.5 583 387 583 399.5 583 412 570.5 412 558 412 545.5 412 533 412 533 399.5 533 387 533 374.5
533 412 16 50 50 92 51 23 1 533 412 545.5 412 558 412 570.5 412 583 412 583 424.5 583 437 583 449.5 583 462 570.5 462 558 462 545.5 462 533 462 533 449.5 533 437 533 424.5
533 462 16 50 14 92 51 23 1 533 462 545.5 462 558 462 570.5 462 583 462 583 465.5 583 469 583 472.5 583 476 570.5 476 558 476 545.5 476 533 476 533 472.5 533 469 533 465.5
583 212 16 50 50 92 51 23 1 583 212 595.5 212 608 212 620.5 212 633 212 633 224.5 633 237 633 249.5 633 262 620.5 262 608 262 595.5 262 583 262 583 249.5 583 237 583 224.5
583 262 16 50 50 92 51 23 1 583 262 595.5 262 608 262 620.5 262 633 262 633 274.5 633 287 633 299.5 633 312 620.5 312 608 312 595.5 312 583 312 583 299.5 583 287 583 274.5
583 312 16 50 50 92 51 23 1 583 312 595.5 312 608 312 620.5 312 633 312 633 324.5 633 337 633 349.5 633 362 620.5 362 608 362 595.5 362 583 362 583 349.5 583 337 583 324.5
583 362 16 50 50 92 51 23 1 583 362 595.5 362 608 362 620.5 362 633 362 633 374.5 633 387 633 399.5 633 412 620.5 412 608 412 595.5 412 583 412 583 399.5 583 387 583 374.5
583 412 16 50 50 92 51 23 1 583 412 595.5 412 608 412 620.5 412 633 412 633 424.5 633 437 633 449.5 633 462 620.5 462 608 462 595.5 462 583 462 583 449.5 583 437 583 424.5
583 462 16 50 14 92 51 23 1 583 462 595.5 462 608 462 620.5 462 633 462 633 465.5 633 469 633 472.5 633 476 620.5 476 608 476 595.5 476 583 476 583 472.5 583 469 583 465.5
633 212 16 50 50 92 51 23 1 633 212 645.5 212 658 212 670.5 212 683 212 683 224.5 683 237 683 249.5 683 262 670.5 262 658 262 645.5 262 633 262 633 249.5 633 237 633 224.5
633 262 16 50 50 92 51 23 1 633 262 645.5 262 658 262 670.5 262 683 262 683 274.5 683 287 683 299.5 683 312 670.5 312 658 312 645.5 312 633 312 633 299.5 633 287 633 274.5
633 312 16 50 50 92 51 23 1 633 312 645.5 312 658 312 670.5 312 683 312 683 324.5 683 337 683 349.5 683 362 670.5 362 658 362 645.5 362 633 362 633 349.5 633 337 633 324.5
633 362 16 50 50 92 51 23 1 633 362 645.5 362 658 362 670.5 362 683 362 683 374.5 683 387 683 399.5 683 412 670.5 412 658 412 645.5 412 633 412 633 399.5 633 387 633 374.5
633 412 16 50 50 92 51 23 1 633 412 645.5 412 658 412 670.5 412 683 412 683 424.5 683 437 683 449.5 683 462 670.5 462 658 462 645.5 462 633 462 633 449.5 633 437 633 424.5
633 462 16 50 14 92 51 23 1 633 462 645.5 462 658 462 670.5 462 683 462 683 465.5 683 469 683 472.5 683 476 670.5 476 658 476 645.5 476 633 476 633 472.5 633 469 633 465.5
683 212 16 2 50 92 51 23 1 683 212 683.5 212 684 212 684.5 212 685 212 685 224.5 685 237 685 249.5 685 262 684.5 262 684 262 683.5 262 683 262 683 249.5 683 237 683 224.5
683 262 16 2 50 92 51 23 1 683 262 683.5 262 684 262 684.5 262 685 262 685 274.5 685 287 685 299.5 685 312 684.5 312 684 312 683.5 312 683 312 683 299.5 683 287 683 274.5
683 312 16 2 50 92 51 23 1 683 312 683.5 312 684 312 684.5 312 685 312 685 324.5 685 337 685 349.5 685 362 684.5 362 684 362 683.5 362 683 362 683 349.5 683 337 683 324.5
683 362 16 2 50 92 51 23 1 683 362 683.5 362 684 362 684.5 362 685 362 685 374.5 685 387 685 399.5 685 412 684.5 412 684 412 683.5 412 683 412 683 399.5 683 387 683 374.5
683 412 16 2 50 92 51 23 1 683 412 683.5 412 684 412 684.5 412 685 412 685 424.5 685 437 685 449.5 685 462 684.5 462 684 462 683.5 462 683 462 683 449.5 683 437 683 424.5
683 462 16 2 14 92 51 23 1 683 462 683.5 462 684 462 684.5 462 685 462 685 465.5 685 469 685 472.5 685 476 684.5 476 684 476 683.5 476 683 476 683 472.5 683 469 683 465.5
end 

