begin 15
109 247 16 50 50 0 0 0 0 109 247 121.5 247 134 247 146.5 247 159 247 159 259.5 159 272 159 284.5 159 297 146.5 297 134 297 121.5 297 109 297 109 284.5 109 272 109 259.5
109 297 16 50 50 0 0 0 0 109 297 121.5 297 134 297 146.5 297 159 297 159 309.5 159 322 159 334.5 159 347 146.5 347 134 347 121.5 347 109 347 109 334.5 109 322 109 309.5
109 347 16 50 50 0 0 0 0 109 347 121.5 347 134 347 146.5 347 159 347 159 359.5 159 372 159 384.5 159 397 146.5 397 134 397 121.5 397 109 397 109 384.5 109 372 109 359.5
109 397 16 50 50 0 0 0 0 109 397 121.5 397 134 397 146.5 397 159 397 159 409.5 159 422 159 434.5 159 447 146.5 447 134 447 121.5 447 109 447 109 434.5 109 422 109 409.5
109 447 16 50 1 0 0 0 0 109 447 121.5 447 134 447 146.5 447 159 447 159 447.25 159 447.5 159 447.75 159 448 146.5 448 134 448 121.5 448 109 448 109 447.75 109 447.5 109 447.25
159 247 16 50 50 0 0 0 0 159 247 171.5 247 184 247 196.5 247 209 247 209 259.5 209 272 209 284.5 209 297 196.5 297 184 297 171.5 297 159 297 159 284.5 159 272 159 259.5
159 297 16 50 50 0 0 0 0 159 297 171.5 297 184 297 196.5 297 209 297 209 309.5 209 322 209 334.5 209 347 196.5 347 184 347 171.5 347 159 347 159 334.5 159 322 159 309.5
159 347 16 50 50 0 0 0 0 159 347 171.5 347 184 347 196.5 347 209 347 209 359.5 209 372 209 384.5 209 397 196.5 397 184 397 171.5 397 159 397 159 384.5 159 372 159 359.5
159 397 16 50 50 0 0 0 0 159 397 171.5 397 184 397 196.5 397 209 397 209 409.5 209 422 209 434.5 209 447 196.5 447 184 447 171.5 447 159 447 159 434.5 159 422 159 409.5
159 447 16 50 1 0 0 0 0 159 447 171.5 447 184 447 196.5 447 209 447 209 447.25 209 447.5 209 447.75 209 448 196.5 448 184 448 171.5 448 159 448 159 447.75 159 447.5 159 447.25
209 247 16 40 50 0 0 0 0 209 247 219 247 229 247 239 247 249 247 249 259.5 249 272 249 284.5 249 297 239 297 229 297 219 297 209 297 209 284.5 209 272 209 259.5
209 297 16 40 50 0 0 0 0 209 297 219 297 229 297 239 297 249 297 249 309.5 249 322 249 334.5 249 347 239 347 229 347 219 347 209 347 209 334.5 209 322 209 309.5
209 347 16 40 50 0 0 0 0 209 347 219 347 229 347 239 347 249 347 249 359.5 249 372 249 384.5 249 397 239 397 229 397 219 397 209 397 209 384.5 209 372 209 359.5
209 397 16 40 50 0 0 0 0 209 397 219 397 229 397 239 397 249 397 249 409.5 249 422 249 434.5 249 447 239 447 229 447 219 447 209 447 209 434.5 209 422 209 409.5
209 447 16 40 1 0 0 0 0 209 447 219 447 229 447 239 447 249 447 249 447.25 249 447.5 249 447.75 249 448 239 448 229 448 219 448 209 448 209 447.75 209 447.5 209 447.25
end 

begin 30
364 195 16 50 50 0 0 0 0 364 195 376.5 195 389 195 401.5 195 414 195 414 207.5 414 220 414 232.5 414 245 401.5 245 389 245 376.5 245 364 245 364 232.5 364 220 364 207.5
364 245 16 50 50 0 0 0 0 364 245 376.5 245 389 245 401.5 245 414 245 414 257.5 414 270 414 282.5 414 295 401.5 295 389 295 376.5 295 364 295 364 282.5 364 270 364 257.5
364 295 16 50 50 0 0 0 0 364 295 376.5 295 389 295 401.5 295 414 295 414 307.5 414 320 414 332.5 414 345 401.5 345 389 345 376.5 345 364 345 364 332.5 364 320 364 307.5
364 345 16 50 50 0 0 0 0 364 345 376.5 345 389 345 401.5 345 414 345 414 357.5 414 370 414 382.5 414 395 401.5 395 389 395 376.5 395 364 395 364 382.5 364 370 364 357.5
364 395 16 50 27 0 0 0 0 364 395 376.5 395 389 395 401.5 395 414 395 414 401.75 414 408.5 414 415.25 414 422 401.5 422 389 422 376.5 422 364 422 364 415.25 364 408.5 364 401.75
414 195 16 50 50 0 0 0 0 414 195 426.5 195 439 195 451.5 195 464 195 464 207.5 464 220 464 232.5 464 245 451.5 245 439 245 426.5 245 414 245 414 232.5 414 220 414 207.5
414 245 16 50 50 0 0 0 0 414 245 426.5 245 439 245 451.5 245 464 245 464 257.5 464 270 464 282.5 464 295 451.5 295 439 295 426.5 295 414 295 414 282.5 414 270 414 257.5
414 295 16 50 50 0 0 0 0 414 295 426.5 295 439 295 451.5 295 464 295 464 307.5 464 320 464 332.5 464 345 451.5 345 439 345 426.5 345 414 345 414 332.5 414 320 414 307.5
414 345 16 50 50 0 0 0 0 414 345 426.5 345 439 345 451.5 345 464 345 464 357.5 464 370 464 382.5 464 395 451.5 395 439 395 426.5 395 414 395 414 382.5 414 370 414 357.5
414 395 16 50 27 0 0 0 0 414 395 426.5 395 439 395 451.5 395 464 395 464 401.75 464 408.5 464 415.25 464 422 451.5 422 439 422 426.5 422 414 422 414 415.25 414 408.5 414 401.75
464 195 16 50 50 0 0 0 0 464 195 476.5 195 489 195 501.5 195 514 195 514 207.5 514 220 514 232.5 514 245 501.5 245 489 245 476.5 245 464 245 464 232.5 464 220 464 207.5
464 245 16 50 50 0 0 0 0 464 245 476.5 245 489 245 501.5 245 514 245 514 257.5 514 270 514 282.5 514 295 501.5 295 489 295 476.5 295 464 295 464 282.5 464 270 464 257.5
464 295 16 50 50 0 0 0 0 464 295 476.5 295 489 295 501.5 295 514 295 514 307.5 514 320 514 332.5 514 345 501.5 345 489 345 476.5 345 464 345 464 332.5 464 320 464 307.5
464 345 16 50 50 0 0 0 0 464 345 476.5 345 489 345 501.5 345 514 345 514 357.5 514 370 514 382.5 514 395 501.5 395 489 395 476.5 395 464 395 464 382.5 464 370 464 357.5
464 395 16 50 27 0 0 0 0 464 395 476.5 395 489 395 501.5 395 514 395 514 401.75 514 408.5 514 415.25 514 422 501.5 422 489 422 476.5 422 464 422 464 415.25 464 408.5 464 401.75
514 195 16 50 50 0 0 0 0 514 195 526.5 195 539 195 551.5 195 564 195 564 207.5 564 220 564 232.5 564 245 551.5 245 539 245 526.5 245 514 245 514 232.5 514 220 514 207.5
514 245 16 50 50 0 0 0 0 514 245 526.5 245 539 245 551.5 245 564 245 564 257.5 564 270 564 282.5 564 295 551.5 295 539 295 526.5 295 514 295 514 282.5 514 270 514 257.5
514 295 16 50 50 0 0 0 0 514 295 526.5 295 539 295 551.5 295 564 295 564 307.5 564 320 564 332.5 564 345 551.5 345 539 345 526.5 345 514 345 514 332.5 514 320 514 307.5
514 345 16 50 50 0 0 0 0 514 345 526.5 345 539 345 551.5 345 564 345 564 357.5 564 370 564 382.5 564 395 551.5 395 539 395 526.5 395 514 395 514 382.5 514 370 514 357.5
514 395 16 50 27 0 0 0 0 514 395 526.5 395 539 395 551.5 395 564 395 564 401.75 564 408.5 564 415.25 564 422 551.5 422 539 422 526.5 422 514 422 514 415.25 514 408.5 514 401.75
564 195 16 50 50 0 0 0 0 564 195 576.5 195 589 195 601.5 195 614 195 614 207.5 614 220 614 232.5 614 245 601.5 245 589 245 576.5 245 564 245 564 232.5 564 220 564 207.5
564 245 16 50 50 0 0 0 0 564 245 576.5 245 589 245 601.5 245 614 245 614 257.5 614 270 614 282.5 614 295 601.5 295 589 295 576.5 295 564 295 564 282.5 564 270 564 257.5
564 295 16 50 50 0 0 0 0 564 295 576.5 295 589 295 601.5 295 614 295 614 307.5 614 320 614 332.5 614 345 601.5 345 589 345 576.5 345 564 345 564 332.5 564 320 564 307.5
564 345 16 50 50 0 0 0 0 564 345 576.5 345 589 345 601.5 345 614 345 614 357.5 614 370 614 382.5 614 395 601.5 395 589 395 576.5 395 564 395 564 382.5 564 370 564 357.5
564 395 16 50 27 0 0 0 0 564 395 576.5 395 589 395 601.5 395 614 395 614 401.75 614 408.5 614 415.25 614 422 601.5 422 589 422 576.5 422 564 422 564 415.25 564 408.5 564 401.75
614 195 16 28 50 0 0 0 0 614 195 621 195 628 195 635 195 642 195 642 207.5 642 220 642 232.5 642 245 635 245 628 245 621 245 614 245 614 232.5 614 220 614 207.5
614 245 16 28 50 0 0 0 0 614 245 621 245 628 245 635 245 642 245 642 257.5 642 270 642 282.5 642 295 635 295 628 295 621 295 614 295 614 282.5 614 270 614 257.5
614 295 16 28 50 0 0 0 0 614 295 621 295 628 295 635 295 642 295 642 307.5 642 320 642 332.5 642 345 635 345 628 345 621 345 614 345 614 332.5 614 320 614 307.5
614 345 16 28 50 0 0 0 0 614 345 621 345 628 345 635 345 642 345 642 357.5 642 370 642 382.5 642 395 635 395 628 395 621 395 614 395 614 382.5 614 370 614 357.5
614 395 16 28 27 0 0 0 0 614 395 621 395 628 395 635 395 642 395 642 401.75 642 408.5 642 415.25 642 422 635 422 628 422 621 422 614 422 614 415.25 614 408.5 614 401.75
end 

begin 20
173 285 16 50 50 0 0 0 0 173 285 185.5 285 198 285 210.5 285 223 285 223 297.5 223 310 223 322.5 223 335 210.5 335 198 335 185.5 335 173 335 173 322.5 173 310 173 297.5
173 335 16 50 39 0 0 0 0 173 335 185.5 335 198 335 210.5 335 223 335 223 344.75 223 354.5 223 364.25 223 374 210.5 374 198 374 185.5 374 173 374 173 364.25 173 354.5 173 344.75
223 285 16 50 50 0 0 0 0 223 285 235.5 285 248 285 260.5 285 273 285 273 297.5 273 310 273 322.5 273 335 260.5 335 248 335 235.5 335 223 335 223 322.5 223 310 223 297.5
223 335 16 50 39 0 0 0 0 223 335 235.5 335 248 335 260.5 335 273 335 273 344.75 273 354.5 273 364.25 273 374 260.5 374 248 374 235.5 374 223 374 223 364.25 223 354.5 223 344.75
273 285 16 50 50 0 0 0 0 273 285 285.5 285 298 285 310.5 285 323 285 323 297.5 323 310 323 322.5 323 335 310.5 335 298 335 285.5 335 273 335 273 322.5 273 310 273 297.5
273 335 16 50 39 0 0 0 0 273 335 285.5 335 298 335 310.5 335 323 335 323 344.75 323 354.5 323 364.25 323 374 310.5 374 298 374 285.5 374 273 374 273 364.25 273 354.5 273 344.75
323 285 16 50 50 0 0 0 0 323 285 335.5 285 348 285 360.5 285 373 285 373 297.5 373 310 373 322.5 373 335 360.5 335 348 335 335.5 335 323 335 323 322.5 323 310 323 297.5
323 335 16 50 39 0 0 0 0 323 335 335.5 335 348 335 360.5 335 373 335 373 344.75 373 354.5 373 364.25 373 374 360.5 374 348 374 335.5 374 323 374 323 364.25 323 354.5 323 344.75
373 285 16 50 50 0 0 0 0 373 285 385.5 285 398 285 410.5 285 423 285 423 297.5 423 310 423 322.5 423 335 410.5 335 398 335 385.5 335 373 335 373 322.5 373 310 373 297.5
373 335 16 50 39 0 0 0 0 373 335 385.5 335 398 335 410.5 335 423 335 423 344.75 423 354.5 423 364.25 423 374 410.5 374 398 374 385.5 374 373 374 373 364.25 373 354.5 373 344.75
423 285 16 50 50 0 0 0 0 423 285 435.5 285 448 285 460.5 285 473 285 473 297.5 473 310 473 322.5 473 335 460.5 335 448 335 435.5 335 423 335 423 322.5 423 310 423 297.5
423 335 16 50 39 0 0 0 0 423 335 435.5 335 448 335 460.5 335 473 335 473 344.75 473 354.5 473 364.25 473 374 460.5 374 448 374 435.5 374 423 374 423 364.25 423 354.5 423 344.75
473 285 16 50 50 0 0 0 0 473 285 485.5 285 498 285 510.5 285 523 285 523 297.5 523 310 523 322.5 523 335 510.5 335 498 335 485.5 335 473 335 473 322.5 473 310 473 297.5
473 335 16 50 39 0 0 0 0 473 335 485.5 335 498 335 510.5 335 523 335 523 344.75 523 354.5 523 364.25 523 374 510.5 374 498 374 485.5 374 473 374 473 364.25 473 354.5 473 344.75
523 285 16 50 50 0 0 0 0 523 285 535.5 285 548 285 560.5 285 573 285 573 297.5 573 310 573 322.5 573 335 560.5 335 548 335 535.5 335 523 335 523 322.5 523 310 523 297.5
523 335 16 50 39 0 0 0 0 523 335 535.5 335 548 335 560.5 335 573 335 573 344.75 573 354.5 573 364.25 573 374 560.5 374 548 374 535.5 374 523 374 523 364.25 523 354.5 523 344.75
573 285 16 50 50 0 0 0 0 573 285 585.5 285 598 285 610.5 285 623 285 623 297.5 623 310 623 322.5 623 335 610.5 335 598 335 585.5 335 573 335 573 322.5 573 310 573 297.5
573 335 16 50 39 0 0 0 0 573 335 585.5 335 598 335 610.5 335 623 335 623 344.75 623 354.5 623 364.25 623 374 610.5 374 598 374 585.5 374 573 374 573 364.25 573 354.5 573 344.75
623 285 16 6 50 0 0 0 0 623 285 624.5 285 626 285 627.5 285 629 285 629 297.5 629 310 629 322.5 629 335 627.5 335 626 335 624.5 335 623 335 623 322.5 623 310 623 297.5
623 335 16 6 39 0 0 0 0 623 335 624.5 335 626 335 627.5 335 629 335 629 344.75 629 354.5 629 364.25 629 374 627.5 374 626 374 624.5 374 623 374 623 364.25 623 354.5 623 344.75
end 

